              precision    recall  f1-score   support

 T-shirt/top     0.8552    0.8390    0.8470      1000
     Trouser     0.9753    0.9870    0.9811      1000
    Pullover     0.8449    0.8500    0.8475      1000
       Dress     0.9365    0.8700    0.9020      1000
        Coat     0.8138    0.8610    0.8367      1000
      Sandal     0.9810    0.9820    0.9815      1000
       Shirt     0.7185    0.7250    0.7218      1000
     Sneaker     0.9578    0.9750    0.9663      1000
         Bag     0.9791    0.9840    0.9815      1000
  Ankle boot     0.9817    0.9630    0.9722      1000

    accuracy                         0.9036     10000
   macro avg     0.9044    0.9036    0.9038     10000
weighted avg     0.9044    0.9036    0.9038     10000
